function [delLt,delGt] = TriplePointDeltas()

    delLt = +3.1049457143838870E+00    ;
    delGt = +1.5076322126641411E-05    ;

end