function taut = TriplePointTau()
    % taut = Tc / Tt = 647.096 / 273.16 to 17 significands
    taut = +2.3689266364035726;

end