function [delLt,delGt] = TriplePointDensitiesR()

    delLt = +3.1049457143839327E+00;
    delGt = +1.5076322126641475E-05;

end