function [delLt,delGt] = TriplePointDensitiesR()

    delLt = +3.1049457143839247E+00    ;
    delGt = +1.5076322126641688E-05    ;

end