function L = ThermalConductivityFiniteDensityConstants()
    %
    L(1,1) = +1.60397357E+0;
    L(1,2) = -6.46013523E-1;
    L(1,3) = +1.11443906E-1;
    L(1,4) = +1.02997357E-1;
    L(1,5) = -5.04123634E-2;
    L(1,6) = +6.09859258E-3;
    %
    L(2,1) = +2.33771842E+0;
    L(2,2) = -2.78843778E+0;
    L(2,3) = +1.53616167E+0;
    L(2,4) = -4.63045512E-1;
    L(2,5) = +8.32827019E-2;
    L(2,6) = -7.19201245E-3;
    %
    L(3,1) = +2.19650529E+0;
    L(3,2) = -4.54580785E+0;
    L(3,3) = +3.55777244E+0;
    L(3,4) = -1.40944978E+0;
    L(3,5) = +2.75418278E-1;
    L(3,6) = -2.05938816E-2;
    %
    L(4,1) = -1.21051378E+0;
    L(4,2) = +1.60812989E+0;
    L(4,3) = -6.21178141E-1;
    L(4,4) = +7.16373224E-2;
    L(4,5) = 0             ;
    L(4,6) = 0             ;
    %
    L(5,1) = -2.72033700E+0;
    L(5,2) = +4.57586331E+0;
    L(5,3) = -3.18369245E+0;
    L(5,4) = +1.11683480E+0;
    L(5,5) = -1.92683050E-1;
    L(5,6) = +1.29138420E-2;
end