function mayBeSaturated = mayBeSaturatedDeltaIND(delta,iND)
    
    [delGmin,delLmax] = saturableDeltas()       ;
    delGMd            = +4.8776578879917196E-02 ;
    delGMax           = +1.0000000000000000E+00 ;
    delLmin           = +1.0000000000000000E+00 ;
    delL1             = +1.9985001569620873E+00 ;
    delL2             = +3.1049878832015207E+00 ;
    delL3             = +3.1053575498262598E+00 ;
    delLend           = +3.1049457143839247E+00 ;
end