function [tauLo,tauMd,tauHi] = dmvsTaus()

    tauLo = +2.3002600014229344E+00;
    tauMd = +2.3348218802052734E+00;
    tauHi = +2.3689266364035726E+00;

end