function [delLo,delHi] = freezableDeltas()
    delLo = +3.1049457143839327E+00;
    delHi = +5.9965722788021418E+00;
end