function [iG,iL] = iNDsAtSaturableDeltas()

    iG = +7.9522773665098576E+00;
    iL = +5.6295973758517803E-02;

end