function [PndLo,PndHi] = saturablePressuresND()
    PndLo = +6.3605267938367885E-06;
    PndHi = +2.2944097045333728E-01;
end