function [tauLo,tauHi] = saturableTaus()
    tauLo = +1.0000000000000000E+00;
    tauHi = +2.3689266364035726E+00;
end