function [delLo,delHi] = saturableDeltas()
    delLo = +1.5076322126641688E-05;
    delHi = +3.1053575500343680E+00;
end