function [tauLo,tauHi] = tausAtSaturableDeltas()
    tauLo = +2.3689266364035726E+00;
    tauHi = +2.3348218802052734E+00;
end