function H = ViscosityFiniteDensityConstants()
    H(1,1) = +5.20094E-01;
    H(1,2) = +2.22531E-01;
    H(1,3) = -2.81378E-01;
    H(1,4) = +1.61913E-01;
    H(1,5) = -3.25372E-02;
    H(2,1) = +8.50895E-02;
    H(2,2) = +9.99115E-01;
    H(2,3) = -9.06851E-01;
    H(2,4) = +2.57399E-01;
    H(3,1) = -1.08374E+00;
    H(3,2) = +1.88797E+00;
    H(3,3) = -7.72479E-01;
    H(4,1) = -2.89555E-01;
    H(4,2) = +1.26613E+00;
    H(4,3) = -4.89837E-01;
    H(4,5) = +6.98452E-02;
    H(4,7) = -4.35673E-03;
    H(5,3) = -2.57040E-01;
    H(5,6) = +8.72102E-03;
    H(6,2) = +1.20573E-01;
    H(6,7) = -5.93264E-04;
end